dict_keys(['poses_world', 'extents', 'scales', 'object_ids', 'object_names', 'extrinsic', 'intrinsic'])
jenga
src and tg len:
4417 36
:: Load two point clouds and disturb initial pose.
:: Downsample with a voxel size 5.000.
:: Estimate normal with search radius 10.000.
:: Compute FPFH feature with search radius 25.000.
:: Downsample with a voxel size 5.000.
:: Estimate normal with search radius 10.000.
:: Compute FPFH feature with search radius 25.000.
PointCloud with 36 points. PointCloud with 4417 points.
PointCloud with 36 points. PointCloud with 4417 points.
:: RANSAC registration on downsampled point clouds.
   Since the downsampling voxel size is 5.000,
   we use a liberal distance threshold 7.500.
result_ransac: 
RegistrationResult with fitness=1.000000e+00, inlier_rmse=1.041299e-01, and correspondence_set size of 36
Access transformation to get result.
(4, 4)
[[ 0.68550813  0.39945475 -0.60869902 -0.26907324]
 [-0.61107786  0.77018371 -0.18275913  0.03260791]
 [ 0.39580607  0.49724537  0.77206515  0.74144444]
 [ 0.          0.          0.          1.        ]]
36 36
[[-0.33960317  0.05644279  0.71090884]
 [-0.23677698 -0.03521887  0.77027973]
 [-0.21680426  0.00329027  0.79514197]
 [-0.33960317  0.05644279  0.71090884]
 [-0.21680426  0.00329027  0.79514197]
 [-0.31963046  0.09495193  0.73577108]
 [-0.19854332  0.00877304  0.77198005]
 [-0.21851603 -0.0297361   0.74711781]
 [-0.32134222  0.06192555  0.68774692]
 [-0.30136951  0.10043469  0.71260915]
 [-0.19854332  0.00877304  0.77198005]
 [-0.32134222  0.06192555  0.68774692]
 [-0.31963046  0.09495193  0.73577108]
 [-0.30136951  0.10043469  0.71260915]
 [-0.32134222  0.06192555  0.68774692]
 [-0.33960317  0.05644279  0.71090884]
 [-0.31963046  0.09495193  0.73577108]
 [-0.32134222  0.06192555  0.68774692]
 [-0.21851603 -0.0297361   0.74711781]
 [-0.19854332  0.00877304  0.77198005]
 [-0.21680426  0.00329027  0.79514197]
 [-0.21851603 -0.0297361   0.74711781]
 [-0.21680426  0.00329027  0.79514197]
 [-0.23677698 -0.03521887  0.77027973]
 [-0.23677698 -0.03521887  0.77027973]
 [-0.33960317  0.05644279  0.71090884]
 [-0.32134222  0.06192555  0.68774692]
 [-0.21851603 -0.0297361   0.74711781]
 [-0.23677698 -0.03521887  0.77027973]
 [-0.32134222  0.06192555  0.68774692]
 [-0.30136951  0.10043469  0.71260915]
 [-0.31963046  0.09495193  0.73577108]
 [-0.21680426  0.00329027  0.79514197]
 [-0.30136951  0.10043469  0.71260915]
 [-0.21680426  0.00329027  0.79514197]
 [-0.19854332  0.00877304  0.77198005]]
[[ 7.6359577e-02 -2.3644766e-01  2.9999960e-02]
 [ 2.1078441e-01 -3.0300555e-01  2.9999958e-02]
 [ 2.3297036e-01 -2.5819731e-01  2.9999960e-02]
 [ 7.6359577e-02 -2.3644766e-01  2.9999960e-02]
 [ 2.3297036e-01 -2.5819731e-01  2.9999960e-02]
 [ 9.8545521e-02 -1.9163942e-01  2.9999960e-02]
 [ 2.3297036e-01 -2.5819731e-01 -9.3132257e-10]
 [ 2.1078441e-01 -3.0300555e-01 -1.8626451e-09]
 [ 7.6359577e-02 -2.3644766e-01 -9.3132257e-10]
 [ 9.8545521e-02 -1.9163942e-01  0.0000000e+00]
 [ 2.3297036e-01 -2.5819731e-01 -9.3132257e-10]
 [ 7.6359577e-02 -2.3644766e-01 -9.3132257e-10]
 [ 9.8545521e-02 -1.9163942e-01  2.9999960e-02]
 [ 9.8545521e-02 -1.9163942e-01  0.0000000e+00]
 [ 7.6359577e-02 -2.3644766e-01 -9.3132257e-10]
 [ 7.6359577e-02 -2.3644766e-01  2.9999960e-02]
 [ 9.8545521e-02 -1.9163942e-01  2.9999960e-02]
 [ 7.6359577e-02 -2.3644766e-01 -9.3132257e-10]
 [ 2.1078441e-01 -3.0300555e-01 -1.8626451e-09]
 [ 2.3297036e-01 -2.5819731e-01 -9.3132257e-10]
 [ 2.3297036e-01 -2.5819731e-01  2.9999960e-02]
 [ 2.1078441e-01 -3.0300555e-01 -1.8626451e-09]
 [ 2.3297036e-01 -2.5819731e-01  2.9999960e-02]
 [ 2.1078441e-01 -3.0300555e-01  2.9999958e-02]
 [ 2.1078441e-01 -3.0300555e-01  2.9999958e-02]
 [ 7.6359577e-02 -2.3644766e-01  2.9999960e-02]
 [ 7.6359577e-02 -2.3644766e-01 -9.3132257e-10]
 [ 2.1078441e-01 -3.0300555e-01 -1.8626451e-09]
 [ 2.1078441e-01 -3.0300555e-01  2.9999958e-02]
 [ 7.6359577e-02 -2.3644766e-01 -9.3132257e-10]
 [ 9.8545521e-02 -1.9163942e-01  0.0000000e+00]
 [ 9.8545521e-02 -1.9163942e-01  2.9999960e-02]
 [ 2.3297036e-01 -2.5819731e-01  2.9999960e-02]
 [ 9.8545521e-02 -1.9163942e-01  0.0000000e+00]
 [ 2.3297036e-01 -2.5819731e-01  2.9999960e-02]
 [ 2.3297036e-01 -2.5819731e-01 -9.3132257e-10]]
(36, 3)
(4417, 3)
GT T:
[[ 8.96165788e-01  4.43719357e-01 -2.05287742e-09  1.54664963e-01]
 [-4.43719357e-01  8.96165788e-01 -1.38711505e-08 -2.47322485e-01]
 [-4.31517888e-09  1.33417517e-08  1.00000000e+00  1.49999792e-02]
 [ 0.00000000e+00  0.00000000e+00  0.00000000e+00  1.00000000e+00]]
GT T world:
[[ 8.96165788e-01  4.43719357e-01 -2.05287742e-09  1.54664963e-01]
 [-4.43719357e-01  8.96165788e-01 -1.38711505e-08 -2.47322485e-01]
 [-4.31517888e-09  1.33417517e-08  1.00000000e+00  1.49999792e-02]
 [ 0.00000000e+00  0.00000000e+00  0.00000000e+00  1.00000000e+00]]
pred T:
[[ 0.68550813  0.39945475 -0.60869902 -0.26907324]
 [-0.61107786  0.77018371 -0.18275913  0.03260791]
 [ 0.39580607  0.49724537  0.77206515  0.74144444]
 [ 0.          0.          0.          1.        ]]
pred T world:
[[-0.80582557  0.2387441  -0.54189145  0.15806586]
 [ 0.59169622  0.36057868 -0.72102604 -0.24273539]
 [ 0.02325383 -0.90165639 -0.4318276   0.01625764]
 [ 0.          0.          0.          1.        ]]
rre=173.57908064025898, rte=0.005847159965549769
