dict_keys(['poses_world', 'extents', 'scales', 'object_ids', 'object_names', 'extrinsic', 'intrinsic'])
jenga
src and tg len:
4417 36
:: Load two point clouds and disturb initial pose.
:: Downsample with a voxel size 5.000.
:: Estimate normal with search radius 10.000.
:: Compute FPFH feature with search radius 25.000.
:: Downsample with a voxel size 5.000.
:: Estimate normal with search radius 10.000.
:: Compute FPFH feature with search radius 25.000.
PointCloud with 36 points. PointCloud with 4417 points.
PointCloud with 36 points. PointCloud with 4417 points.
:: RANSAC registration on downsampled point clouds.
   Since the downsampling voxel size is 5.000,
   we use a liberal distance threshold 7.500.
result_ransac: 
RegistrationResult with fitness=1.000000e+00, inlier_rmse=8.781671e-02, and correspondence_set size of 36
Access transformation to get result.
(4, 4)
[[ 0.63362752  0.42156602 -0.64868965 -0.26437072]
 [-0.64409981  0.75193049 -0.14048478  0.03417023]
 [ 0.42854592  0.5068359   0.74797444  0.73972222]
 [ 0.          0.          0.          1.        ]]
36 36
[[-0.33216224  0.0615722   0.70613001]
 [-0.23711814 -0.03504275  0.77041188]
 [-0.21603986  0.00255373  0.79575364]
 [-0.33216224  0.0615722   0.70613001]
 [-0.21603986  0.00255373  0.79575364]
 [-0.31108397  0.09916868  0.73147177]
 [-0.1965792   0.00676827  0.77331444]
 [-0.21765748 -0.03082821  0.74797267]
 [-0.31270158  0.06578673  0.6836908 ]
 [-0.2916233   0.10338321  0.70903257]
 [-0.1965792   0.00676827  0.77331444]
 [-0.31270158  0.06578673  0.6836908 ]
 [-0.31108397  0.09916868  0.73147177]
 [-0.2916233   0.10338321  0.70903257]
 [-0.31270158  0.06578673  0.6836908 ]
 [-0.33216224  0.0615722   0.70613001]
 [-0.31108397  0.09916868  0.73147177]
 [-0.31270158  0.06578673  0.6836908 ]
 [-0.21765748 -0.03082821  0.74797267]
 [-0.1965792   0.00676827  0.77331444]
 [-0.21603986  0.00255373  0.79575364]
 [-0.21765748 -0.03082821  0.74797267]
 [-0.21603986  0.00255373  0.79575364]
 [-0.23711814 -0.03504275  0.77041188]
 [-0.23711814 -0.03504275  0.77041188]
 [-0.33216224  0.0615722   0.70613001]
 [-0.31270158  0.06578673  0.6836908 ]
 [-0.21765748 -0.03082821  0.74797267]
 [-0.23711814 -0.03504275  0.77041188]
 [-0.31270158  0.06578673  0.6836908 ]
 [-0.2916233   0.10338321  0.70903257]
 [-0.31108397  0.09916868  0.73147177]
 [-0.21603986  0.00255373  0.79575364]
 [-0.2916233   0.10338321  0.70903257]
 [-0.21603986  0.00255373  0.79575364]
 [-0.1965792   0.00676827  0.77331444]]
[[ 7.6359577e-02 -2.3644766e-01  2.9999960e-02]
 [ 2.1078441e-01 -3.0300555e-01  2.9999958e-02]
 [ 2.3297036e-01 -2.5819731e-01  2.9999960e-02]
 [ 7.6359577e-02 -2.3644766e-01  2.9999960e-02]
 [ 2.3297036e-01 -2.5819731e-01  2.9999960e-02]
 [ 9.8545521e-02 -1.9163942e-01  2.9999960e-02]
 [ 2.3297036e-01 -2.5819731e-01 -9.3132257e-10]
 [ 2.1078441e-01 -3.0300555e-01 -1.8626451e-09]
 [ 7.6359577e-02 -2.3644766e-01 -9.3132257e-10]
 [ 9.8545521e-02 -1.9163942e-01  0.0000000e+00]
 [ 2.3297036e-01 -2.5819731e-01 -9.3132257e-10]
 [ 7.6359577e-02 -2.3644766e-01 -9.3132257e-10]
 [ 9.8545521e-02 -1.9163942e-01  2.9999960e-02]
 [ 9.8545521e-02 -1.9163942e-01  0.0000000e+00]
 [ 7.6359577e-02 -2.3644766e-01 -9.3132257e-10]
 [ 7.6359577e-02 -2.3644766e-01  2.9999960e-02]
 [ 9.8545521e-02 -1.9163942e-01  2.9999960e-02]
 [ 7.6359577e-02 -2.3644766e-01 -9.3132257e-10]
 [ 2.1078441e-01 -3.0300555e-01 -1.8626451e-09]
 [ 2.3297036e-01 -2.5819731e-01 -9.3132257e-10]
 [ 2.3297036e-01 -2.5819731e-01  2.9999960e-02]
 [ 2.1078441e-01 -3.0300555e-01 -1.8626451e-09]
 [ 2.3297036e-01 -2.5819731e-01  2.9999960e-02]
 [ 2.1078441e-01 -3.0300555e-01  2.9999958e-02]
 [ 2.1078441e-01 -3.0300555e-01  2.9999958e-02]
 [ 7.6359577e-02 -2.3644766e-01  2.9999960e-02]
 [ 7.6359577e-02 -2.3644766e-01 -9.3132257e-10]
 [ 2.1078441e-01 -3.0300555e-01 -1.8626451e-09]
 [ 2.1078441e-01 -3.0300555e-01  2.9999958e-02]
 [ 7.6359577e-02 -2.3644766e-01 -9.3132257e-10]
 [ 9.8545521e-02 -1.9163942e-01  0.0000000e+00]
 [ 9.8545521e-02 -1.9163942e-01  2.9999960e-02]
 [ 2.3297036e-01 -2.5819731e-01  2.9999960e-02]
 [ 9.8545521e-02 -1.9163942e-01  0.0000000e+00]
 [ 2.3297036e-01 -2.5819731e-01  2.9999960e-02]
 [ 2.3297036e-01 -2.5819731e-01 -9.3132257e-10]]
(36, 3)
(4417, 3)
GT T:
[[ 8.96165788e-01  4.43719357e-01 -2.05287742e-09  1.54664963e-01]
 [-4.43719357e-01  8.96165788e-01 -1.38711505e-08 -2.47322485e-01]
 [-4.31517888e-09  1.33417517e-08  1.00000000e+00  1.49999792e-02]
 [ 0.00000000e+00  0.00000000e+00  0.00000000e+00  1.00000000e+00]]
GT T world:
[[ 8.96165788e-01  4.43719357e-01 -2.05287742e-09  1.54664963e-01]
 [-4.43719357e-01  8.96165788e-01 -1.38711505e-08 -2.47322485e-01]
 [-4.31517888e-09  1.33417517e-08  1.00000000e+00  1.49999792e-02]
 [ 0.00000000e+00  0.00000000e+00  0.00000000e+00  1.00000000e+00]]
pred T:
[[ 0.63362752  0.42156602 -0.64868965 -0.26437072]
 [-0.64409981  0.75193049 -0.14048478  0.03417023]
 [ 0.42854592  0.5068359   0.74797444  0.73972222]
 [ 0.          0.          0.          1.        ]]
pred T world:
[[-0.84508351  0.21584674 -0.48912573  0.15974448]
 [ 0.53414031  0.38018865 -0.75508322 -0.23776532]
 [ 0.02297783 -0.89937019 -0.4365837   0.01622161]
 [ 0.          0.          0.          1.        ]]
rre=175.72656877639756, rte=0.010891888385228957
