dict_keys(['poses_world', 'extents', 'scales', 'object_ids', 'object_names', 'extrinsic', 'intrinsic'])
jenga
src and tg len:
4417 36
:: Load two point clouds and disturb initial pose.
:: Downsample with a voxel size 5.000.
:: Estimate normal with search radius 10.000.
:: Compute FPFH feature with search radius 25.000.
:: Downsample with a voxel size 5.000.
:: Estimate normal with search radius 10.000.
:: Compute FPFH feature with search radius 25.000.
PointCloud with 36 points. PointCloud with 4417 points.
PointCloud with 36 points. PointCloud with 4417 points.
:: RANSAC registration on downsampled point clouds.
   Since the downsampling voxel size is 5.000,
   we use a liberal distance threshold 7.500.
result_ransac: 
RegistrationResult with fitness=1.000000e+00, inlier_rmse=8.621540e-02, and correspondence_set size of 36
Access transformation to get result.
(4, 4)
[[ 0.54627471  0.83760439  0.00168444 -0.27219599]
 [-0.71138402  0.46289193  0.52883252  0.02885595]
 [ 0.44217273 -0.29008611  0.84872453  0.74072222]
 [ 0.          0.          0.          1.        ]]
36 36
[[-0.33408141  0.07856993  0.72754227]
 [-0.25214022 -0.02813764  0.79386816]
 [-0.21026005 -0.00499307  0.77936388]
 [-0.33408141  0.07856993  0.72754227]
 [-0.21026005 -0.00499307  0.77936388]
 [-0.29220124  0.1017145   0.71303798]
 [-0.21031058 -0.02085803  0.75390217]
 [-0.25219075 -0.0440026   0.76840646]
 [-0.33413194  0.06270498  0.70208057]
 [-0.29225177  0.08584955  0.68757628]
 [-0.21031058 -0.02085803  0.75390217]
 [-0.33413194  0.06270498  0.70208057]
 [-0.29220124  0.1017145   0.71303798]
 [-0.29225177  0.08584955  0.68757628]
 [-0.33413194  0.06270498  0.70208057]
 [-0.33408141  0.07856993  0.72754227]
 [-0.29220124  0.1017145   0.71303798]
 [-0.33413194  0.06270498  0.70208057]
 [-0.25219075 -0.0440026   0.76840646]
 [-0.21031058 -0.02085803  0.75390217]
 [-0.21026005 -0.00499307  0.77936388]
 [-0.25219075 -0.0440026   0.76840646]
 [-0.21026005 -0.00499307  0.77936388]
 [-0.25214022 -0.02813764  0.79386816]
 [-0.25214022 -0.02813764  0.79386816]
 [-0.33408141  0.07856993  0.72754227]
 [-0.33413194  0.06270498  0.70208057]
 [-0.25219075 -0.0440026   0.76840646]
 [-0.25214022 -0.02813764  0.79386816]
 [-0.33413194  0.06270498  0.70208057]
 [-0.29225177  0.08584955  0.68757628]
 [-0.29220124  0.1017145   0.71303798]
 [-0.21026005 -0.00499307  0.77936388]
 [-0.29225177  0.08584955  0.68757628]
 [-0.21026005 -0.00499307  0.77936388]
 [-0.21031058 -0.02085803  0.75390217]]
[[ 7.6359577e-02 -2.3644766e-01  2.9999960e-02]
 [ 2.1078441e-01 -3.0300555e-01  2.9999958e-02]
 [ 2.3297036e-01 -2.5819731e-01  2.9999960e-02]
 [ 7.6359577e-02 -2.3644766e-01  2.9999960e-02]
 [ 2.3297036e-01 -2.5819731e-01  2.9999960e-02]
 [ 9.8545521e-02 -1.9163942e-01  2.9999960e-02]
 [ 2.3297036e-01 -2.5819731e-01 -9.3132257e-10]
 [ 2.1078441e-01 -3.0300555e-01 -1.8626451e-09]
 [ 7.6359577e-02 -2.3644766e-01 -9.3132257e-10]
 [ 9.8545521e-02 -1.9163942e-01  0.0000000e+00]
 [ 2.3297036e-01 -2.5819731e-01 -9.3132257e-10]
 [ 7.6359577e-02 -2.3644766e-01 -9.3132257e-10]
 [ 9.8545521e-02 -1.9163942e-01  2.9999960e-02]
 [ 9.8545521e-02 -1.9163942e-01  0.0000000e+00]
 [ 7.6359577e-02 -2.3644766e-01 -9.3132257e-10]
 [ 7.6359577e-02 -2.3644766e-01  2.9999960e-02]
 [ 9.8545521e-02 -1.9163942e-01  2.9999960e-02]
 [ 7.6359577e-02 -2.3644766e-01 -9.3132257e-10]
 [ 2.1078441e-01 -3.0300555e-01 -1.8626451e-09]
 [ 2.3297036e-01 -2.5819731e-01 -9.3132257e-10]
 [ 2.3297036e-01 -2.5819731e-01  2.9999960e-02]
 [ 2.1078441e-01 -3.0300555e-01 -1.8626451e-09]
 [ 2.3297036e-01 -2.5819731e-01  2.9999960e-02]
 [ 2.1078441e-01 -3.0300555e-01  2.9999958e-02]
 [ 2.1078441e-01 -3.0300555e-01  2.9999958e-02]
 [ 7.6359577e-02 -2.3644766e-01  2.9999960e-02]
 [ 7.6359577e-02 -2.3644766e-01 -9.3132257e-10]
 [ 2.1078441e-01 -3.0300555e-01 -1.8626451e-09]
 [ 2.1078441e-01 -3.0300555e-01  2.9999958e-02]
 [ 7.6359577e-02 -2.3644766e-01 -9.3132257e-10]
 [ 9.8545521e-02 -1.9163942e-01  0.0000000e+00]
 [ 9.8545521e-02 -1.9163942e-01  2.9999960e-02]
 [ 2.3297036e-01 -2.5819731e-01  2.9999960e-02]
 [ 9.8545521e-02 -1.9163942e-01  0.0000000e+00]
 [ 2.3297036e-01 -2.5819731e-01  2.9999960e-02]
 [ 2.3297036e-01 -2.5819731e-01 -9.3132257e-10]]
(36, 3)
(4417, 3)
GT T:
[[ 8.96165788e-01  4.43719357e-01 -2.05287742e-09  1.54664963e-01]
 [-4.43719357e-01  8.96165788e-01 -1.38711505e-08 -2.47322485e-01]
 [-4.31517888e-09  1.33417517e-08  1.00000000e+00  1.49999792e-02]
 [ 0.00000000e+00  0.00000000e+00  0.00000000e+00  1.00000000e+00]]
GT T world:
[[ 8.96165788e-01  4.43719357e-01 -2.05287742e-09  1.54664963e-01]
 [-4.43719357e-01  8.96165788e-01 -1.38711505e-08 -2.47322485e-01]
 [-4.31517888e-09  1.33417517e-08  1.00000000e+00  1.49999792e-02]
 [ 0.00000000e+00  0.00000000e+00  0.00000000e+00  1.00000000e+00]]
pred T:
[[ 0.54627471  0.83760439  0.00168444 -0.27219599]
 [-0.71138402  0.46289193  0.52883252  0.02885595]
 [ 0.44217273 -0.29008611  0.84872453  0.74072222]
 [ 0.          0.          0.          1.        ]]
pred T world:
[[-0.89457114  0.43181717 -0.11522305  0.15600077]
 [ 0.44261399  0.89171653 -0.09452219 -0.24589869]
 [ 0.06193003 -0.1355561  -0.98883228  0.01943243]
 [ 0.          0.          0.          1.        ]]
rre=176.45877848775655, rte=0.004843368408761544
