dict_keys(['poses_world', 'extents', 'scales', 'object_ids', 'object_names', 'extrinsic', 'intrinsic'])
jenga
src and tg len:
4417 36
:: Load two point clouds and disturb initial pose.
:: Downsample with a voxel size 5.000.
:: Estimate normal with search radius 10.000.
:: Compute FPFH feature with search radius 25.000.
:: Downsample with a voxel size 5.000.
:: Estimate normal with search radius 10.000.
:: Compute FPFH feature with search radius 25.000.
PointCloud with 36 points. PointCloud with 4417 points.
PointCloud with 36 points. PointCloud with 4417 points.
:: RANSAC registration on downsampled point clouds.
   Since the downsampling voxel size is 5.000,
   we use a liberal distance threshold 7.500.
result_ransac: 
RegistrationResult with fitness=1.000000e+00, inlier_rmse=1.061896e-01, and correspondence_set size of 36
Access transformation to get result.
(4, 4)
[[ 0.54865543 -0.83525817 -0.03634565 -0.27285438]
 [-0.702979   -0.43736098 -0.560835    0.02863898]
 [ 0.45254584  0.33325539 -0.82712943  0.74094444]
 [ 0.          0.          0.          1.        ]]
36 36
[[-0.29366728  0.08388389  0.68626521]
 [-0.21136898 -0.02156293  0.75414707]
 [-0.25313184 -0.04343096  0.77080982]
 [-0.29366728  0.08388389  0.68626521]
 [-0.25313184 -0.04343096  0.77080982]
 [-0.33543014  0.06201586  0.70292796]
 [-0.25204148 -0.02660593  0.79562367]
 [-0.21027862 -0.00473791  0.77896092]
 [-0.29257691  0.10070892  0.71107906]
 [-0.33433977  0.07884089  0.72774181]
 [-0.25204148 -0.02660593  0.79562367]
 [-0.29257691  0.10070892  0.71107906]
 [-0.33543014  0.06201586  0.70292796]
 [-0.33433977  0.07884089  0.72774181]
 [-0.29257691  0.10070892  0.71107906]
 [-0.29366728  0.08388389  0.68626521]
 [-0.33543014  0.06201586  0.70292796]
 [-0.29257691  0.10070892  0.71107906]
 [-0.21027862 -0.00473791  0.77896092]
 [-0.25204148 -0.02660593  0.79562367]
 [-0.25313184 -0.04343096  0.77080982]
 [-0.21027862 -0.00473791  0.77896092]
 [-0.25313184 -0.04343096  0.77080982]
 [-0.21136898 -0.02156293  0.75414707]
 [-0.21136898 -0.02156293  0.75414707]
 [-0.29366728  0.08388389  0.68626521]
 [-0.29257691  0.10070892  0.71107906]
 [-0.21027862 -0.00473791  0.77896092]
 [-0.21136898 -0.02156293  0.75414707]
 [-0.29257691  0.10070892  0.71107906]
 [-0.33433977  0.07884089  0.72774181]
 [-0.33543014  0.06201586  0.70292796]
 [-0.25313184 -0.04343096  0.77080982]
 [-0.33433977  0.07884089  0.72774181]
 [-0.25313184 -0.04343096  0.77080982]
 [-0.25204148 -0.02660593  0.79562367]]
[[ 7.6359577e-02 -2.3644766e-01  2.9999960e-02]
 [ 2.1078441e-01 -3.0300555e-01  2.9999958e-02]
 [ 2.3297036e-01 -2.5819731e-01  2.9999960e-02]
 [ 7.6359577e-02 -2.3644766e-01  2.9999960e-02]
 [ 2.3297036e-01 -2.5819731e-01  2.9999960e-02]
 [ 9.8545521e-02 -1.9163942e-01  2.9999960e-02]
 [ 2.3297036e-01 -2.5819731e-01 -9.3132257e-10]
 [ 2.1078441e-01 -3.0300555e-01 -1.8626451e-09]
 [ 7.6359577e-02 -2.3644766e-01 -9.3132257e-10]
 [ 9.8545521e-02 -1.9163942e-01  0.0000000e+00]
 [ 2.3297036e-01 -2.5819731e-01 -9.3132257e-10]
 [ 7.6359577e-02 -2.3644766e-01 -9.3132257e-10]
 [ 9.8545521e-02 -1.9163942e-01  2.9999960e-02]
 [ 9.8545521e-02 -1.9163942e-01  0.0000000e+00]
 [ 7.6359577e-02 -2.3644766e-01 -9.3132257e-10]
 [ 7.6359577e-02 -2.3644766e-01  2.9999960e-02]
 [ 9.8545521e-02 -1.9163942e-01  2.9999960e-02]
 [ 7.6359577e-02 -2.3644766e-01 -9.3132257e-10]
 [ 2.1078441e-01 -3.0300555e-01 -1.8626451e-09]
 [ 2.3297036e-01 -2.5819731e-01 -9.3132257e-10]
 [ 2.3297036e-01 -2.5819731e-01  2.9999960e-02]
 [ 2.1078441e-01 -3.0300555e-01 -1.8626451e-09]
 [ 2.3297036e-01 -2.5819731e-01  2.9999960e-02]
 [ 2.1078441e-01 -3.0300555e-01  2.9999958e-02]
 [ 2.1078441e-01 -3.0300555e-01  2.9999958e-02]
 [ 7.6359577e-02 -2.3644766e-01  2.9999960e-02]
 [ 7.6359577e-02 -2.3644766e-01 -9.3132257e-10]
 [ 2.1078441e-01 -3.0300555e-01 -1.8626451e-09]
 [ 2.1078441e-01 -3.0300555e-01  2.9999958e-02]
 [ 7.6359577e-02 -2.3644766e-01 -9.3132257e-10]
 [ 9.8545521e-02 -1.9163942e-01  0.0000000e+00]
 [ 9.8545521e-02 -1.9163942e-01  2.9999960e-02]
 [ 2.3297036e-01 -2.5819731e-01  2.9999960e-02]
 [ 9.8545521e-02 -1.9163942e-01  0.0000000e+00]
 [ 2.3297036e-01 -2.5819731e-01  2.9999960e-02]
 [ 2.3297036e-01 -2.5819731e-01 -9.3132257e-10]]
(36, 3)
(4417, 3)
GT T:
[[ 8.96165788e-01  4.43719357e-01 -2.05287742e-09  1.54664963e-01]
 [-4.43719357e-01  8.96165788e-01 -1.38711505e-08 -2.47322485e-01]
 [-4.31517888e-09  1.33417517e-08  1.00000000e+00  1.49999792e-02]
 [ 0.00000000e+00  0.00000000e+00  0.00000000e+00  1.00000000e+00]]
GT T world:
[[ 8.96165788e-01  4.43719357e-01 -2.05287742e-09  1.54664963e-01]
 [-4.43719357e-01  8.96165788e-01 -1.38711505e-08 -2.47322485e-01]
 [-4.31517888e-09  1.33417517e-08  1.00000000e+00  1.49999792e-02]
 [ 0.00000000e+00  0.00000000e+00  0.00000000e+00  1.00000000e+00]]
pred T:
[[ 0.54865543 -0.83525817 -0.03634565 -0.27285438]
 [-0.702979   -0.43736098 -0.560835    0.02863898]
 [ 0.45254584  0.33325539 -0.82712943  0.74094444]
 [ 0.          0.          0.          1.        ]]
pred T world:
[[-0.89477416 -0.43902556  0.08145979  0.15577881]
 [ 0.44388484 -0.89435518  0.05563289 -0.24659174]
 [ 0.04842975  0.08593758  0.99512278  0.01945097]
 [ 0.          0.          0.          1.        ]]
rre=179.92226098888946, rte=0.004646070014630248
