{"1-1-1": {"poses_world": [null, null, null, null, null, null, null, null, null, null, null, null, null, null, null, null, null, null, null, null, null, null, null, null, null, null, null, null, null, null, null, null, null, null, null, [[-0.2471814629568676, -0.7204007590102659, -0.6480154374792292, 0.10284144776862802], [0.9689085050417405, -0.1762757130324467, -0.17361778600320044, -0.016552051980918164], [0.01084507188326901, -0.6707828395202563, 0.741574554643663, 0.023806426921427537], [0.0, 0.0, 0.0, 1.0]], null, null, null, [[0.9025704677387749, 0.4063224786933033, -0.14236758935165472, 0.12323264858450805], [0.12017916864119507, 0.07976080720898886, 0.9895428918556544, 0.0007397384100249205], [0.4134289229111872, -0.9102418750859035, 0.023158324951351023, 0.09747434336446059], [0.0, 0.0, 0.0, 1.0]], null, null, null, null, null, null, null, null, [[0.3411105637839357, 0.9375818461103937, 0.06770377790562174, -0.038353616334365515], [0.9143587361136375, -0.34765075211266283, 0.20757410727771813, -0.14917666524536932], [0.21815507115060861, -0.008900200072612033, -0.9758735598651593, 0.05008158599047974], [0.0, 0.0, 0.0, 1.0]], null, null, [[0.09570977687969323, -0.91724852721015, 0.38664546339497124, -0.05384093272149204], [0.9698131746418813, 0.17344569737357596, 0.17140288830005043, -0.27992543171197826], [-0.2242809854098228, 0.3585689681264282, 0.9061602441921109, 0.013651937782594215], [0.0, 0.0, 0.0, 1.0]], null, null, null, null, null, null, [[-0.9792255604598895, -0.03839571870760468, -0.19910551712698518, 0.097958595999045], [-0.19240683793939856, 0.4858829383690998, 0.8525827424244188, -0.11198283529362532], [0.06400643126047066, 0.8731801834472389, -0.48317656965782585, 0.03525348658877825], [0.0, 0.0, 0.0, 1.0]], null, null, null, null, null, null, null, null, null, null, null, null, null, null, null, null, null, null, null, null]}, "1-2-1": {"poses_world": [null, null, null, null, null, null, null, null, null, null, null, null, null, null, null, null, null, null, null, null, null, null, null, null, null, null, null, null, null, null, null, null, null, null, null, [[-0.7075090447058086, 0.1531820409071893, -0.689903000737382, 0.16636607025615024], [0.7064351104907531, 0.18023990434643689, -0.6844435442832923, -0.08161915576456819], [0.019503640666808524, -0.9716217658241235, -0.2357346085145544, 0.0158494912446161], [0.0, 0.0, 0.0, 1.0]], null, null, null, [[0.28182705463518326, 0.08311877367653983, 0.9558581051398938, 0.016566506194570785], [-0.32482222406052036, -0.929147186383998, 0.1765672182344383, -0.22417277974215438], [0.90280897133975, -0.3602454717055013, -0.23485998990484117, 0.06843901005029851], [0.0, 0.0, 0.0, 1.0]], null, null, null, null, null, null, null, null, [[-0.13780824198558347, 0.9890196620544192, -0.05337539633638971, 0.2082785592075848], [-0.9744473385030765, -0.14503414459572533, -0.1715151163881118, -0.21189495584115814], [-0.17737316428291727, 0.028375314377264114, 0.9837345452916733, 0.04772817936742246], [0.0, 0.0, 0.0, 1.0]], null, null, [[0.8703423201006921, 0.44026720968235106, 0.22061044024189738, -0.025066368395798344], [-0.4287819081176787, 0.8978362279649219, -0.10018052100411329, 0.31509933791570016], [-0.24217828950990497, -0.00740235028278442, 0.9702035532682336, 0.017415836524524164], [0.0, 0.0, 0.0, 1.0]], null, null, null, null, null, null, [[0.0756121587531816, 0.721584987445857, -0.6881844547538898, -0.062076814843754935], [0.9929619983578197, 0.008603931869831787, 0.11812026048733552, 0.18915399294998891], [0.09115497964174127, -0.6922723904904631, -0.7158559635325338, 0.03800177606814237], [0.0, 0.0, 0.0, 1.0]], null, null, null, null, null, null, null, null, null, null, null, null, null, null, null, null, null, null, null, null]}, "1-3-1": {"poses_world": [null, null, null, null, null, null, null, null, null, null, null, null, null, null, null, null, null, null, null, null, null, null, null, null, null, null, null, null, null, null, null, null, null, null, null, [[-0.5655693092948522, -0.8103190759672096, 0.15334369217823401, 0.14520690133419611], [0.8239847712645957, -0.5629704179564817, 0.06413547375599819, 0.09765179346874168], [0.034357824216681335, 0.1626258893885872, 0.9860894551153181, 0.01934186046398112], [0.0, 0.0, 0.0, 1.0]], null, null, null, [[0.4531224076984469, 0.5333842067956495, 0.7142697725691608, 0.255981784413615], [-0.3273668617919081, -0.6457003942871162, 0.6898564288183089, 0.35629970782289905], [0.8291628444992213, -0.5464177484163985, -0.1179689577451335, 0.06995736065237068], [0.0, 0.0, 0.0, 1.0]], null, null, null, null, null, null, null, null, [[-0.2776644936465343, 0.9600841585071386, -0.03377534566982015, 0.17424153685040417], [-0.9348242174610809, -0.2781265447022453, -0.22079234892595057, -0.3615079675828472], [-0.22137314519508197, -0.02973220124048662, 0.9747358515360925, 0.05579205006081778], [0.0, 0.0, 0.0, 1.0]], null, null, [[0.4314500380244774, 0.09514364688843295, -0.89710561673022, -0.055708699697208375], [0.8963766464731877, -0.1574068305518452, 0.41440553943821246, 0.3455781668105379], [-0.10178243720187496, -0.9829399011838136, -0.15319771412119498, 0.015028782117370465], [0.0, 0.0, 0.0, 1.0]], null, null, null, null, null, null, [[-0.04233951945415074, -0.49226240131348786, -0.8694164880935561, 0.2125053114813536], [0.9173174022221758, -0.36397253897448195, 0.1614085754128313, -0.31115669641301597], [-0.3958990648110475, -0.7906970072688425, 0.4669713338651455, 0.04022708472950076], [0.0, 0.0, 0.0, 1.0]], null, null, null, null, null, null, null, null, null, null, null, null, null, null, null, null, null, null, null, null]}, "1-4-1": {"poses_world": [null, null, null, null, null, null, null, null, null, null, null, null, null, null, null, null, null, null, null, null, null, null, null, null, null, null, null, null, null, null, null, null, null, null, null, [[-0.5632639623149229, -0.5418160837994574, -0.6238340937436608, 0.0063014255449289625], [0.8250812742234386, -0.4094185088698655, -0.3893806996816529, -0.30167585534324165], [-0.044436445400809536, -0.7340380382350191, 0.6776530190430674, 0.019983377070181052], [0.0, 0.0, 0.0, 1.0]], null, null, null, [[-0.013026655012887025, 0.9497387778366913, 0.31277227587480566, -0.024440661254078844], [-0.1785149280677771, -0.3099825390143165, 0.9338325330203292, 0.010345835294309783], [0.9838509799643553, -0.0436698261851959, 0.1735806699436634, 0.06996326032788225], [0.0, 0.0, 0.0, 1.0]], null, null, null, null, null, null, null, null, [[-0.16838798781692058, 0.8578112094206765, -0.4855979313945512, 0.09651824136684406], [0.9832947187407411, 0.18071860677031115, -0.021730969318822995, -0.32762692898705803], [0.06911558923354327, -0.48114513598285996, -0.8739121505728669, 0.06281535943076488], [0.0, 0.0, 0.0, 1.0]], null, null, [[-0.3376596212157101, 0.35657894464658396, -0.8711127210979381, 0.001159846098080286], [-0.3994276430287158, 0.7837277163724334, 0.4756347110316346, 0.3501247215845247], [0.8523165449754367, 0.5085492387235105, -0.1222056972028359, 0.01540254523296225], [0.0, 0.0, 0.0, 1.0]], null, null, null, null, null, null, [[0.010109555899684725, 0.8016836378829324, 0.5976630137910165, 0.15787957395723046], [-0.9951945479016331, 0.06628115531313604, -0.07207339343469349, 0.22608293383603162], [-0.09739393619645915, -0.5940623812047731, 0.7985013224180868, 0.04349701898820668], [0.0, 0.0, 0.0, 1.0]], null, null, null, null, null, null, null, null, null, null, null, null, null, null, null, null, null, null, null, null]}, "1-5-1": {"poses_world": [null, null, null, null, null, null, null, null, null, null, null, null, null, null, null, null, null, null, null, null, null, null, null, null, null, null, null, null, null, null, null, null, null, null, null, [[-0.9749944525464558, 0.04070003787545828, -0.2184702745089943, -0.02334746588490999], [0.22139089691274724, 0.2631964979880337, -0.9389960745258608, -0.3707202442199158], [0.019283446813644536, -0.9638833527635577, -0.26562583537417184, 0.015675235675263854], [0.0, 0.0, 0.0, 1.0]], null, null, null, [[0.7447607412794613, -0.5362147059109443, 0.39724698090378097, 0.17500111236530913], [0.6102680468541944, 0.30640506695710135, -0.7305400739834552, -0.047391866654644677], [0.27000791483783587, 0.7865047893804237, 0.5554331604077469, 0.07007849149202627], [0.0, 0.0, 0.0, 1.0]], null, null, null, null, null, null, null, null, [[-0.9879726087050041, -0.07561428358926328, -0.13487972786661842, 0.228742229900408], [0.07712596492582166, -0.9970032205651643, -0.006009782102719626, -0.2088283530501669], [-0.13402110944427786, -0.01634030424916209, 0.9908437768661255, 0.0472058747565649], [0.0, 0.0, 0.0, 1.0]], null, null, [[0.5689572735540985, 0.13689092544978845, 0.8108936008027497, 0.12064928174194317], [0.1806628228423218, -0.9827657840577998, 0.03914475561134315, -0.03650093099608995], [0.8022771296788087, 0.12422657244260246, -0.5838828815502756, 0.018433305039447956], [0.0, 0.0, 0.0, 1.0]], null, null, null, null, null, null, [[-0.0950712186664889, 0.11732119984357278, 0.9885328198254197, 0.2278203197911885], [0.05789384125026092, -0.9906983947548229, 0.12314604150958135, 0.19798555828069886], [0.9937856038719964, 0.0689375400813126, 0.08739475143432707, 0.04143221419910048], [0.0, 0.0, 0.0, 1.0]], null, null, null, null, null, null, null, null, null, null, null, null, null, null, null, null, null, null, null, null]}, "1-6-1": {"poses_world": [null, null, null, null, null, null, null, null, null, null, null, null, null, null, null, null, null, null, null, null, null, null, null, null, null, null, null, null, null, null, null, null, null, null, null, [[0.717889537778636, 0.20677646196678764, -0.6647390786977521, 0.0452531948582785], [0.6956998769715297, -0.17849555557428484, 0.6958023940645769, 0.21861846088404802], [0.02522264390969596, -0.9619682446127904, -0.2719944265325115, 0.015689582033579064], [0.0, 0.0, 0.0, 1.0]], null, null, null, [[-0.08918120956388297, 0.20606337733009453, -0.974466281000785, 0.25078503526151585], [0.7698725061482726, 0.634998506113293, 0.06382143272314826, -0.01603340871220363], [0.6319360001685653, -0.7445231381879369, -0.2152724828390762, 0.07023698257662758], [0.0, 0.0, 0.0, 1.0]], null, null, null, null, null, null, null, null, [[0.6483845730607785, 0.7436761538854391, -0.162920716860731, 0.12287735305586495], [0.3135822016017726, -0.06587747751425913, 0.9472730939696923, 0.0580749331916464], [0.6937316892278205, -0.6652863519742376, -0.2759174998289948, 0.056284949852956734], [0.0, 0.0, 0.0, 1.0]], null, null, [[-0.6452756409858939, -0.0010064956110318313, -0.7639491282410701, 0.1474515555236698], [-0.7625180116719309, 0.06204299035388565, 0.6439851729564924, 0.3441765509946366], [0.046749463790758235, 0.9980730015817613, -0.04080226247168552, 0.018828660145741583], [0.0, 0.0, 0.0, 1.0]], null, null, null, null, null, null, [[0.7062732989574046, -0.6826094452101439, 0.18767607442928588, -0.05911199312955384], [0.679539189594948, 0.7280180401600327, 0.09064312864281303, -0.19961485311207589], [-0.1985053853724837, 0.06351448017397208, 0.978039659860637, 0.044860751819853606], [0.0, 0.0, 0.0, 1.0]], null, null, null, null, null, null, null, null, null, null, null, null, null, null, null, null, null, null, null, null]}, "1-7-1": {"poses_world": [null, null, null, null, null, null, null, null, null, null, null, null, null, null, null, null, null, null, null, null, null, null, null, null, null, null, null, null, null, null, null, null, null, null, null, [[-0.01807451576541499, 0.9816834772053609, -0.18965969230518895, 0.275924622038193], [0.999290552407226, 0.011468147232902457, -0.03587237422693398, -0.11271198113980418], [-0.03304020128061287, -0.19017352275454322, -0.9811943894134443, 0.01888430424490606], [0.0, 0.0, 0.0, 1.0]], null, null, null, [[0.7080041541801998, 0.6864232968737697, 0.16599129975991686, -0.05013276777263387], [0.48067790191535364, -0.2962021364475801, -0.8253562883616471, -0.10821250754588535], [-0.5173768092731587, 0.6641440675185467, -0.5396609567869485, 0.0706263578714118], [0.0, 0.0, 0.0, 1.0]], null, null, null, null, null, null, null, null, [[0.898199572738204, 0.14305283868426238, -0.4156601367713103, 0.13062195024295137], [-0.10534496679622259, 0.988061942863931, 0.11240991414741107, 0.2780105893835806], [0.4267785526091189, -0.05717876478292529, 0.9025467906788677, 0.05497595600401117], [0.0, 0.0, 0.0, 1.0]], null, null, [[0.7224399709555566, 0.600765152205845, -0.3422888497808327, -0.029957768911168414], [0.3481813442193096, -0.7437858169453502, -0.5705719619930028, 0.09053931347241473], [-0.5973693618565562, 0.2930253730950736, -0.7465159272993059, 0.020193432885448837], [0.0, 0.0, 0.0, 1.0]], null, null, null, null, null, null, [[0.28852932646156876, 0.934224533627689, 0.20970284920149415, 0.21357975466407086], [0.7547724763415637, -0.35668497975672936, 0.5505399966733912, 0.23782140467520135], [0.58912593352604, -0.0005690157553771638, -0.8080410658760488, 0.04440955318830686], [0.0, 0.0, 0.0, 1.0]], null, null, null, null, null, null, null, null, null, null, null, null, null, null, null, null, null, null, null, null]}, "1-8-1": {"poses_world": [null, null, null, null, null, null, null, null, null, null, null, null, null, null, null, null, null, null, null, null, null, null, null, null, null, null, null, null, null, null, null, null, null, null, null, [[0.5645324712795219, 0.8142216959318695, -0.13544761041941045, 0.14340075616185533], [0.8245550945354881, -0.5637726595900783, 0.04763652105551843, 0.020473196746089828], [-0.03757490947231102, -0.13857642752888513, -0.9896386984073723, 0.01934384518202814], [0.0, 0.0, 0.0, 1.0]], null, null, null, [[-0.6830981314939271, 0.5736602170121843, -0.45198543625929005, 0.0936767279360129], [0.6088453449999236, 0.10551912168314849, -0.7862397945888464, 0.21461909705617618], [-0.4033413776590027, -0.8122682182876606, -0.4213503626459646, 0.07038857414804411], [0.0, 0.0, 0.0, 1.0]], null, null, null, null, null, null, null, null, [[-0.9390610459501526, -0.30866527159561286, -0.15129454224549638, -0.02044440183515106], [0.3050964722367608, -0.9511682243166952, 0.04685195239133108, -0.11005050825168636], [-0.15836812838660663, -0.0021626596796684282, 0.9873777961289144, 0.04727099081633446], [0.0, 0.0, 0.0, 1.0]], null, null, [[0.3620201643634379, 0.3513179225304382, 0.8634332946595406, 0.27176435257964987], [-0.5368259777081595, -0.6786714672468219, 0.5012213712190418, 0.33130035265419133], [0.7620756170142159, -0.6449657659430156, -0.057096131111487515, 0.01872971220654973], [0.0, 0.0, 0.0, 1.0]], null, null, null, null, null, null, [[-0.6194848332205897, 0.6713268172055377, 0.40688915239141443, -0.013046354649893233], [-0.7671881030212251, -0.4079326343355285, -0.4949882162140237, 0.02142400941371872], [-0.16631557385046214, -0.6187982855965036, 0.7677420563650125, 0.04412721092203997], [0.0, 0.0, 0.0, 1.0]], null, null, null, null, null, null, null, null, null, null, null, null, null, null, null, null, null, null, null, null]}, "1-9-1": {"poses_world": [null, null, null, null, null, null, null, null, null, null, null, null, null, null, null, null, null, null, null, null, null, null, null, null, null, null, null, null, null, null, null, null, null, null, null, [[0.7047364554647241, 0.16879374595694402, -0.6890973342629487, 0.1422337593325017], [0.7091830729575477, -0.14002229822197773, 0.6909797962278608, 0.270631515554056], [0.020144134033597206, -0.9756549062977206, -0.21838445721978875, 0.015766129384533256], [0.0, 0.0, 0.0, 1.0]], null, null, null, [[0.20722555384128152, -0.9616368184024694, 0.17975576694897102, -0.05002526966234422], [-0.9508338301379241, -0.2412083029808249, -0.19425121827758826, -0.35944334526803495], [0.2301576573868376, -0.13066408273868854, -0.9643414352303955, 0.07048473476596662], [0.0, 0.0, 0.0, 1.0]], null, null, null, null, null, null, null, null, [[0.7122194058994419, 0.6099752907552836, 0.34738105727243623, 0.20895376109435343], [0.5583696589198526, -0.7922024927112336, 0.24624883411664425, -0.127940060908172], [0.42540192403925153, 0.018583791500371302, -0.9048137372913458, 0.0556075387779601], [0.0, 0.0, 0.0, 1.0]], null, null, [[0.12555743578499173, 0.7105803912138361, -0.6923227385872516, 0.1309736749269862], [-0.5161999323107932, -0.5491486146046822, -0.6572468202464445, 0.3121985024917211], [-0.847214881635819, 0.4398991764879336, 0.2978518294958119, 0.017224980876938578], [0.0, 0.0, 0.0, 1.0]], null, null, null, null, null, null, [[-0.888748680049684, 0.3766470996350633, -0.26127128137225886, 0.2809025918277861], [0.06481049027773603, 0.6674919267297709, 0.7417911308882768, -0.012949685355168633], [0.4537899849815894, 0.642332872491858, -0.6176432497167973, 0.04546001692500179], [0.0, 0.0, 0.0, 1.0]], null, null, null, null, null, null, null, null, null, null, null, null, null, null, null, null, null, null, null, null]}, "1-10-1": {"poses_world": [null, null, null, null, null, null, null, null, null, null, null, null, null, null, null, null, null, null, null, null, null, null, null, null, null, null, null, null, null, null, null, null, null, null, null, [[-0.8642063115054079, 0.13760252395162392, -0.4839555072316282, 0.10461216656095612], [0.5028223438972885, 0.27024769478900473, -0.821057749310508, -0.29078809827979835], [0.01780827429583058, -0.9529069886214359, -0.30273947525387257, 0.015830201544002942], [0.0, 0.0, 0.0, 1.0]], null, null, null, [[-0.13210214281541652, 0.15616050966155628, 0.9788579342832547, 0.2992811395701607], [0.467282463697787, 0.8807099611599216, -0.07744041062769969, 0.1414292184903635], [-0.8741831052219692, 0.44717320511202374, -0.18931475549537724, 0.07072495950951507], [0.0, 0.0, 0.0, 1.0]], null, null, null, null, null, null, null, null, [[-0.7776263190636882, 0.6283864814945078, -0.020680285246435264, -0.03420186045071061], [-0.2558801488120706, -0.34635344532225304, -0.9025323230340777, 0.11282603200990027], [-0.57430186969876, -0.6965412919058742, 0.4301251499326251, 0.05001160751589995], [0.0, 0.0, 0.0, 1.0]], null, null, [[0.9573049649152657, -0.2730116243835791, -0.0950357486606145, 0.18992881946786833], [-0.0620768209292793, -0.5152277242083909, 0.8548022076915376, 0.20348322733838276], [-0.2823360130977884, -0.812406986210815, -0.5101777317150025, 0.018640867002401862], [0.0, 0.0, 0.0, 1.0]], null, null, null, null, null, null, [[0.6024150291179495, 0.6670447874115887, -0.4383461197539125, 0.17216022194504194], [0.5746118336111025, -0.7436006423396343, -0.3418761166711446, 0.07093080921224795], [-0.5540011369107666, -0.045927610802558104, -0.8312481268198477, 0.04449068702590597], [0.0, 0.0, 0.0, 1.0]], null, null, null, null, null, null, null, null, null, null, null, null, null, null, null, null, null, null, null, null]}, "1-11-1": {"poses_world": [null, null, null, null, null, null, null, null, null, null, null, null, null, null, null, null, null, null, null, null, null, null, null, null, null, null, null, null, null, null, null, null, null, null, null, null, null, null, null, [[0.5166877913011625, -0.30141892650400987, 0.801361524836924, -0.05081806896428842], [0.6391964146897962, 0.758513458152454, -0.12682756409112256, -0.1675779157897393], [-0.5696152694396283, 0.577757768370663, 0.5845805841648616, 0.07049098787451302], [0.0, 0.0, 0.0, 1.0]], null, null, null, null, null, null, null, null, null, null, null, [[-0.523634554811084, 0.2007557970999044, 0.8279516286366265, -0.05224263098792725], [0.42379177271325785, -0.781688056432047, 0.45756340497904213, 0.19707497430280246], [0.7390584935125023, 0.5904750904464148, 0.3242402877547564, 0.018288022995242126], [0.0, 0.0, 0.0, 1.0]], [[0.808666940419721, 0.05749884475784713, 0.5854499113905336, -0.009222211134304659], [-0.5744745085172959, -0.1370516409543062, 0.8069670628591452, 0.05683640410094759], [0.1266365183956447, -0.9888937262666412, -0.07779745389835285, 0.03875873760123982], [0.0, 0.0, 0.0, 1.0]], null, null, null, null, [[-0.10255428519937872, 0.9692520517291666, -0.22368060986484373, -0.0709571287745151], [0.9834730946307803, 0.06506733952187148, -0.16895818189384085, -0.37455450085528363], [-0.14920870295715094, -0.23731125543010617, -0.9599063415156658, 0.012652871071106575], [0.0, 0.0, 0.0, 1.0]], [[0.819219484388422, 0.4678217930495907, -0.3316958588371229, 0.06181997663139499], [0.5278866223820504, -0.38914916569141317, 0.7549162831173521, -0.1753358467128064], [0.22408718482607504, -0.7935400250757997, -0.5657554380413701, 0.04386043644203552], [0.0, 0.0, 0.0, 1.0]], null, null, null, null, null, null, null, null, null, null, null, null, null, null, null, null, null, null, null, null]}, "1-12-1": {"poses_world": [null, null, null, null, null, null, null, null, null, null, null, null, null, null, null, null, null, null, null, null, null, null, null, null, null, null, null, null, null, null, null, null, null, null, null, null, null, null, null, [[0.7383863348138269, -0.6185272843123232, 0.26871835729046883, 0.2898660025877199], [-0.3209118142251162, 0.02818953067310738, 0.9466894483489005, -0.19494831723849032], [-0.5931283650960046, -0.7852575136124947, -0.17767789200579295, 0.07071257447304946], [0.0, 0.0, 0.0, 1.0]], null, null, null, null, null, null, null, null, null, null, null, [[0.2706715730079477, -0.6547978329845426, 0.7056745949144072, 0.2557950805213287], [0.7642262066875651, 0.5919165555250415, 0.2561114016815274, 0.001072319638552005], [-0.5854016563141649, 0.46997302039262284, 0.6606287265640411, 0.018947559803031977], [0.0, 0.0, 0.0, 1.0]], [[-0.38858199498494, 0.819701641876216, 0.420824414575037, -0.05172488647675877], [0.0516007880644709, 0.47535812598636856, -0.8782778401473101, -0.05111856667954895], [-0.9199681665367742, -0.31956806969820556, -0.22701293985649437, 0.041496852980753784], [0.0, 0.0, 0.0, 1.0]], null, null, null, null, [[-0.6992123220125497, 0.5160525466002391, -0.49476442305069696, 0.16177801738742398], [0.6242328841797555, 0.10336223378329853, -0.7743703950306479, -0.36233520202053476], [-0.34847584562039835, -0.850297603260916, -0.39440920930151874, 0.01011240839502503], [0.0, 0.0, 0.0, 1.0]], [[0.8436559124356713, -0.3211703030307802, -0.4302258410264476, -0.05560530460805868], [0.2585222313752744, 0.9453369580813166, -0.19875674915404185, 0.13381362994562654], [0.4705432161003825, 0.05645943402023443, 0.8805688318161065, 0.044349980272407774], [0.0, 0.0, 0.0, 1.0]], null, null, null, null, null, null, null, null, null, null, null, null, null, null, null, null, null, null, null, null]}, "1-13-1": {"poses_world": [null, null, null, null, null, null, null, null, null, null, null, null, null, null, null, null, null, null, null, null, null, null, null, null, null, null, null, null, null, null, null, null, null, null, null, null, null, null, null, [[0.37004963220769654, 0.4222067597699573, 0.8275292491090351, 0.13921731577135354], [-0.32601586159225066, -0.7750950383450624, 0.541240513346053, 0.13051324573838058], [0.8699292679861304, -0.4700736065343876, -0.14917750036392155, 0.07018325558858729], [0.0, 0.0, 0.0, 1.0]], null, null, null, null, null, null, null, null, null, null, null, [[0.9422181405413158, 0.24100323996986647, -0.23268508844005092, 0.28733796466886014], [0.06546899643789443, 0.5487183085376701, 0.8334398491462621, 0.20050970480771252], [0.32854030990101935, -0.8005158276592179, 0.5012342046500606, 0.01885752104842109], [0.0, 0.0, 0.0, 1.0]], [[-0.31359017567088243, 0.9426514613986516, 0.11432130365401481, 0.24823697353274915], [0.3859642796413237, 0.2365368818958154, -0.891673612992966, 0.2954165342812646], [-0.8675786836393805, -0.2354961410353352, -0.4380055350403499, 0.04101373757116156], [0.0, 0.0, 0.0, 1.0]], null, null, null, null, [[0.12574668335693856, 0.6064742561059391, 0.7850966085323136, -0.06132937959954121], [-0.41562863728911037, -0.6863713875026975, 0.5967806196977168, -0.14093562563057882], [0.9007999747796761, -0.40135189633144003, 0.1657592055424108, 0.012453815025785242], [0.0, 0.0, 0.0, 1.0]], [[-0.2529682052775459, 0.9054443912147858, 0.34084817435305026, 0.00929522317181386], [0.0680174565986307, -0.33479098715747546, 0.9398343334226239, 0.11072157811521789], [0.9650807047608697, 0.2609318331453797, 0.02310552366025038, 0.04455903985694665], [0.0, 0.0, 0.0, 1.0]], null, null, null, null, null, null, null, null, null, null, null, null, null, null, null, null, null, null, null, null]}, "1-14-1": {"poses_world": [null, null, null, null, null, null, null, null, null, null, null, null, null, null, null, null, null, null, null, null, null, null, null, null, null, null, null, null, null, null, null, null, null, null, null, null, null, null, null, [[-0.2573864490700028, -0.9455823888235892, 0.19906305082880707, -0.05087944515894016], [-0.5119455170347135, 0.30815429102379227, 0.8018432978304775, -0.16093341807612582], [-0.8195511404808651, 0.10447418762066385, -0.5634013895363362, 0.07060800937051415], [0.0, 0.0, 0.0, 1.0]], null, null, null, null, null, null, null, null, null, null, null, [[-0.8306449863046327, -0.2690105295741984, -0.487506080094031, 0.05924767994202551], [0.3758212753283532, -0.9168945244379503, -0.13439774488526818, -0.3146757074329343], [-0.4108372583378214, -0.2948520628221277, 0.8627137773821376, 0.01739085911334093], [0.0, 0.0, 0.0, 1.0]], [[-0.4652463482845388, 0.3966951188399039, 0.7913145736810103, 0.030877186892441233], [0.7789876361442087, -0.2410664504507416, 0.578848151906447, 0.009051798884356102], [0.4203857203193332, 0.8857313153019419, -0.19686527555423725, 0.04114037684766669], [0.0, 0.0, 0.0, 1.0]], null, null, null, null, [[-0.9048306844652754, -0.4229436629856481, -0.048990068522574585, 0.21854075541172424], [0.4157196228625803, -0.9024554992913728, 0.11292130325905765, -0.3639360748302411], [-0.09197068929686059, 0.08180846500222658, 0.9923954961799246, 0.015613140010120374], [0.0, 0.0, 0.0, 1.0]], [[0.4705135344038543, 0.2869259940770377, 0.8344401861662462, 0.030473780284998364], [0.6574684558137041, -0.7447077675423136, -0.11465393292887098, -0.16836957246042578], [0.5885169938749265, 0.6025643243087282, -0.5390399210306637, 0.044379303959170224], [0.0, 0.0, 0.0, 1.0]], null, null, null, null, null, null, null, null, null, null, null, null, null, null, null, null, null, null, null, null]}, "1-15-1": {"poses_world": [null, null, null, null, null, null, null, null, null, null, null, null, null, null, null, null, null, null, null, null, null, null, null, null, null, null, null, null, null, null, null, null, null, null, null, null, null, null, null, [[-0.8171144366735785, 0.10979523993463854, 0.5659230858436308, 0.027918150383862583], [0.14098891622142773, 0.9899442593758516, 0.011508370669864314, -0.10024281476483943], [-0.5589687863918723, 0.08919261899481364, -0.8243777204840035, 0.0700445996195137], [0.0, 0.0, 0.0, 1.0]], null, null, null, null, null, null, null, null, null, null, null, [[-0.7649340439801359, -0.6400599113374204, 0.07210516404802043, 0.2909612507207581], [-0.2764020853985077, 0.2250734874007043, -0.9343145970285449, -0.2027956428628822], [0.5817883796205736, -0.734619108410594, -0.34908036377093826, 0.018218693381653828], [0.0, 0.0, 0.0, 1.0]], [[-0.41286240363869614, 0.775920900250364, 0.47696051056644706, -0.045809140524625924], [0.9066301883518447, 0.4001302608009652, 0.13385600369210354, -0.060870010928056606], [-0.08698460586945685, 0.4876909832064899, -0.8686721111643808, 0.037660479044736794], [0.0, 0.0, 0.0, 1.0]], null, null, null, null, [[-0.5953321431125079, -0.3722858600022456, -0.7120272566713435, 0.021293834981845894], [-0.3799594973770709, 0.9112744372647584, -0.15877542034185613, 0.00416798490506301], [0.7079621075776344, 0.1760174861028433, -0.6839645840935247, 0.01722735717403967], [0.0, 0.0, 0.0, 1.0]], [[-0.6352403796604478, 0.5948457639543441, -0.49257295254397176, 0.28207930108363394], [-0.5775178570941563, -0.7893243542612933, -0.2084229888264208, 0.3170736775165194], [-0.5127794481020304, 0.15207093584822748, 0.8449448038471982, 0.04547559864893291], [0.0, 0.0, 0.0, 1.0]], null, null, null, null, null, null, null, null, null, null, null, null, null, null, null, null, null, null, null, null]}, "1-16-1": {"poses_world": [null, null, null, null, null, null, null, null, null, null, null, null, null, null, null, null, null, null, null, null, null, null, null, null, null, null, null, null, null, null, null, null, null, null, null, null, null, null, null, [[0.19129029855456256, -0.9018918954835752, 0.38729700097394687, -0.04751414500994022], [0.5179637810413653, -0.2424144135984135, -0.8203345216270255, 0.01598792323519231], [0.8337395393472405, 0.35752786007356735, 0.4207757874144211, 0.07007108894419967], [0.0, 0.0, 0.0, 1.0]], null, null, null, null, null, null, null, null, null, null, null, [[-0.11849080611131937, -0.8505578866857212, -0.5123584162354227, 0.2406045479160736], [0.9205152983022018, 0.09937666779152515, -0.3778568740333196, 0.0074809738245396745], [0.37230571353545133, -0.5164063663862707, 0.7711763571962936, 0.018273775930352176], [0.0, 0.0, 0.0, 1.0]], [[0.25451435072437667, -0.9667929917767601, 0.023101791059394913, 0.21574049568835274], [0.3637059813830174, 0.07355867801867684, -0.9286048857066881, -0.3556246653429856], [0.8960694599305121, 0.24474554821397904, 0.3703500952925994, 0.03984893446404181], [0.0, 0.0, 0.0, 1.0]], null, null, null, null, [[-0.9733128091026368, -0.026470522643372046, -0.2279504847355749, 0.10307690202933745], [0.22947328215864304, -0.10344608457462091, -0.9678020841708763, 0.02174621411253537], [0.0020376525031287835, -0.9942828000418819, 0.10675961308992563, 0.01703687996876191], [0.0, 0.0, 0.0, 1.0]], [[0.060193481474034444, 0.8159430497301372, 0.5749901049657993, 0.0013319788858178194], [-0.7159653600516687, -0.36608855298317583, 0.5944516198520623, 0.2849881212989434], [0.695535967768644, -0.4474551681559215, 0.5621509081240116, 0.04452686154179575], [0.0, 0.0, 0.0, 1.0]], null, null, null, null, null, null, null, null, null, null, null, null, null, null, null, null, null, null, null, null]}, "1-17-1": {"poses_world": [null, null, null, null, null, null, null, null, null, null, null, null, null, null, null, null, null, null, null, null, null, null, null, null, null, null, null, null, null, null, null, null, null, null, null, null, null, null, null, [[0.09544543486830352, -0.9053954254531078, 0.41370185998475806, -0.02700605729743033], [-0.9862560191985942, -0.14231949039945013, -0.08392961939002644, 0.26887619151745223], [0.13486727061118126, -0.4000052995617179, -0.9065355112263329, 0.0702050635396333], [0.0, 0.0, 0.0, 1.0]], null, null, null, null, null, null, null, null, null, null, null, [[0.7514730713383287, -0.15184956136745223, -0.6420512987209931, 0.036664271598888964], [0.6597630533731955, 0.17161954972346663, 0.7316142407856505, 0.36912076338397093], [-0.0009066935172683626, -0.9733901936946164, 0.22915226859008378, 0.020057628019101492], [0.0, 0.0, 0.0, 1.0]], [[0.11070537727050686, 0.8418347742344855, 0.5282598496539656, 0.019139783744891448], [0.9927501311692948, -0.11870415303584984, -0.018880012694933158, 0.26578555822993244], [0.04681286420335146, 0.5265201937429641, -0.8488728378266732, 0.03801991388535719], [0.0, 0.0, 0.0, 1.0]], null, null, null, null, [[0.4311031107396278, -0.7637835911468334, -0.4804005310456326, -0.05734447148099331], [-0.8831460494202475, -0.24804674079078334, -0.3981530152346599, 0.3329189973010064], [0.18494090691520396, 0.595908860008506, -0.7814662788545027, 0.016628039728065702], [0.0, 0.0, 0.0, 1.0]], [[0.5050201469531415, -0.31065319970435745, 0.8052634209426964, -0.04504348491274657], [0.7800610314279293, 0.5635891439675982, -0.2717940724398453, 0.14021486660934696], [-0.36940399343207087, 0.76541619893198, 0.5269523560274846, 0.043773561932395344], [0.0, 0.0, 0.0, 1.0]], null, null, null, null, null, null, null, null, null, null, null, null, null, null, null, null, null, null, null, null]}, "1-18-1": {"poses_world": [null, null, null, null, null, null, null, null, null, null, null, null, null, null, null, null, null, null, null, null, null, null, null, null, null, null, null, null, null, null, null, null, null, null, null, null, null, null, null, [[-0.17974025998649562, 0.8129894538269937, -0.5538425076946841, -0.0480911312659309], [0.87346928652551, -0.12707474274198244, -0.4700035840476605, 0.12100053606229015], [-0.452487325300247, -0.5682430368384406, -0.6872809651090404, 0.07048622539870963], [0.0, 0.0, 0.0, 1.0]], null, null, null, null, null, null, null, null, null, null, null, [[0.18891157535738498, 0.35235968909138704, -0.9165996959539505, 0.12302247345235884], [0.5928813739425798, -0.7850109848022532, -0.17958113468771286, 0.025942687861073635], [-0.7828180019478397, -0.5095100289318074, -0.35720520673453166, 0.019690158002972136], [0.0, 0.0, 0.0, 1.0]], [[0.058226844584360435, 0.7123435396316653, -0.6994113614592209, -0.0320125123682673], [0.9800288298547517, -0.17422570843277627, -0.09585848391558192, 0.21849397354862238], [-0.19013955490246734, -0.679861824747171, -0.7082618882778444, 0.04312454940051569], [0.0, 0.0, 0.0, 1.0]], null, null, null, null, [[0.26299247956865374, 0.2936207487889219, 0.9190330505452058, 0.044141521223495794], [-0.9506203986897253, -0.08383942037002834, 0.2988172735150645, -0.19817478893740637], [0.1647900952773286, -0.9522383425945434, 0.25707278515090687, 0.01694977398251296], [0.0, 0.0, 0.0, 1.0]], [[-0.18983095560894336, -0.2620533801847761, 0.946198800807627, 0.2474343877263676], [-0.5865450741305619, -0.7425761841218071, -0.3233348737025456, -0.3159878113425096], [0.7873557115114797, -0.6163673203427679, -0.012742191243513237, 0.04428043590300135], [0.0, 0.0, 0.0, 1.0]], null, null, null, null, null, null, null, null, null, null, null, null, null, null, null, null, null, null, null, null]}, "1-19-1": {"poses_world": [null, null, null, null, null, null, null, null, null, null, null, null, null, null, null, null, null, null, null, null, null, null, null, null, null, null, null, null, null, null, null, null, null, null, null, null, null, null, null, [[0.551538261067509, -0.31642185307866183, 0.7718048288889856, 0.23324995407367943], [0.7985280896269457, 0.4677843227795881, -0.37885441953652055, -0.18128980557755492], [-0.2411603392123542, 0.8252606429603527, 0.5106727087338873, 0.07080050752520828], [0.0, 0.0, 0.0, 1.0]], null, null, null, null, null, null, null, null, null, null, null, [[0.7134619644389913, -0.44879591227184207, -0.5381023981087643, 0.19050615491077827], [0.04444711498422945, 0.7953970992270935, -0.6044566669949758, 0.23557204408612634], [0.6992828328524612, 0.4073398305782942, 0.5874332605294345, 0.018703535153378414], [0.0, 0.0, 0.0, 1.0]], [[0.06311420455494232, 0.782516228345804, -0.6194230266807295, 0.2044188393750705], [0.9795937940646313, -0.16724506709516437, -0.11146766314212433, 0.17292902004833627], [-0.19082064428773737, -0.5997478160668888, -0.7771036560913659, 0.04307776042319722], [0.0, 0.0, 0.0, 1.0]], null, null, null, null, [[0.6359739534414933, 0.32060366421331726, -0.7019617920232226, 0.22663775590057778], [-0.5737257274206614, 0.8047760143467689, -0.15223110783191648, 0.20614027552253258], [0.5161161664254916, 0.49954866116821706, 0.695755194988334, 0.017230285415115176], [0.0, 0.0, 0.0, 1.0]], [[-0.9117686950573505, -0.12502810711125892, 0.3912106281391831, 0.2787723394296077], [-0.20157066456652142, 0.966149032685909, -0.1610132528404529, -0.23838371284639087], [-0.3578366376963825, -0.22566337807555334, -0.9061065246380452, 0.04493052193711411], [0.0, 0.0, 0.0, 1.0]], null, null, null, null, null, null, null, null, null, null, null, null, null, null, null, null, null, null, null, null]}, "1-20-1": {"poses_world": [null, null, null, null, null, null, null, null, null, null, null, null, null, null, null, null, null, null, null, null, null, null, null, null, null, null, null, null, null, null, null, null, null, null, null, null, null, null, null, [[0.26036829657129545, -0.39314139870683856, 0.8818435956488284, 0.2991507083319484], [-0.7641306796804616, 0.4743886195764787, 0.43710375856467754, 0.14250066222392777], [-0.590180251597271, -0.7876517392238284, -0.17689562401658923, 0.07063320767279024], [0.0, 0.0, 0.0, 1.0]], null, null, null, null, null, null, null, null, null, null, null, [[-0.5463066346516288, 0.7311869158265272, -0.4085519446571815, 0.29311219610236755], [-0.7291598290923971, -0.6551971101716096, -0.19759211579587002, 0.036732342496029094], [-0.4121589139602965, 0.18995375453812727, 0.891090710452026, 0.018700641824942688], [0.0, 0.0, 0.0, 1.0]], [[0.8786606453958559, -0.44360898145429356, -0.17654030199669413, 0.21560803627846514], [0.4354480080701555, 0.896217162494577, -0.08473360420678908, -0.03868903571539131], [0.19580709006075922, -0.002421976824045525, 0.9806394704396508, 0.032412102634037154], [0.0, 0.0, 0.0, 1.0]], null, null, null, null, [[-0.04506784313600799, -0.2492419870866336, -0.9673919876718212, 0.29966322259989947], [0.855158037287655, -0.5102076571167756, 0.09161239897365024, 0.15738017085072353], [-0.5164044356110294, -0.8231443665105388, 0.2361352668221689, 0.08817719180259942], [0.0, 0.0, 0.0, 1.0]], [[0.17536906058179982, -0.5446174931732566, -0.8201447525551802, 0.29563559701433956], [-0.5843338704116019, 0.6128711959432153, -0.5319236588429782, 0.35737856776201626], [0.792338047941603, 0.5725213980648769, -0.2107598633893264, 0.045271347142307516], [0.0, 0.0, 0.0, 1.0]], null, null, null, null, null, null, null, null, null, null, null, null, null, null, null, null, null, null, null, null]}, "1-21-1": {"poses_world": [null, null, null, null, null, null, null, null, null, null, null, null, null, null, [[-0.6887041989703957, -0.6962235565035461, 0.2023838484503179, 0.028396144040870097], [0.7123171495101098, -0.7017899901144827, 0.009748951373196826, -0.2930696766014638], [0.1352435682146191, 0.15087558605217288, 0.9792577741656942, 0.012677302960142689], [0.0, 0.0, 0.0, 1.0]], null, null, null, null, null, null, null, null, null, null, null, null, null, null, null, null, null, null, null, null, null, null, null, null, null, null, null, null, null, null, null, null, null, null, null, null, [[0.6729240808144504, 0.044079973246297526, 0.7383969622378571, 0.3000026506651303], [0.19778095874787047, 0.9511580959858454, -0.23702515174834576, 0.10302493636143167], [-0.7127803503139012, 0.3055408865259367, 0.6313390470589444, 0.019018177575605755], [0.0, 0.0, 0.0, 1.0]], null, null, null, [[-0.024473987957791828, 0.9719776633583637, 0.23379559933694471, 0.09189130108228982], [-0.9954897392422153, -0.045137166423502, 0.0834432084396036, -0.19650004196506898], [0.09165773991451345, -0.23069894793507414, 0.9686985638522296, 0.01687702599849128], [0.0, 0.0, 0.0, 1.0]], [[-0.8966547997185698, -0.41938115394398995, -0.1418786604170001, 0.05090056360582962], [0.10451640567633692, 0.11089344003120238, -0.9883212633888423, 0.3674166517382784], [0.4302167615605144, -0.9010117202761723, -0.055601002430852635, 0.08031316243031139], [0.0, 0.0, 0.0, 1.0]], [[-0.9245715988393401, 0.37684431921431544, 0.05617520911423166, 0.2745528166238344], [-0.019194126392330535, 0.10118264262519239, -0.9946826690494759, 0.046401635496216495], [-0.3805245078796784, -0.9207336450085137, -0.08631747984170766, 0.017531520018429392], [0.0, 0.0, 0.0, 1.0]], null, null, null, null, null, null, null, null, null, null, null, null, null, null, null, null, null, null, null, null, null]}, "1-22-1": {"poses_world": [null, null, null, null, null, null, null, null, null, null, null, null, null, null, [[0.46008134061156425, 0.8817105638633533, -0.10445849901418426, 0.17502835856138282], [0.8852762970525608, -0.44655033533394417, 0.12991778036135024, 0.3163300210179254], [0.06790397512636275, -0.15224741919456622, -0.9860070116305417, 0.016351680184709783], [0.0, 0.0, 0.0, 1.0]], null, null, null, null, null, null, null, null, null, null, null, null, null, null, null, null, null, null, null, null, null, null, null, null, null, null, null, null, nul